128 64 32 16 8 4 2 1

125.215.18.9

125  1            215   1            18 0        9  1
 62  0            107   1             9 1        4  0
 31  1             53   1             4 0        2  0
 15  1             26   0             2 0        1  1
 7   1             13   1             1 1           0
 3   1             6    0               0           0
 1   1             3    1               0           0
     0             1    1               0           0
     
     
        
      64            128                  16          8 
      32             64                   2          1
      16             16                 ______      _____
      8               4                  18          9
      4               2
      1               1
   __________      __________
     125            215
     
     
 
 187.233.55.112
 
 
 187  1              233             55         112
  93  1
  46  0
  23  1
  11  1
  5   1
  2   0
  1   1
  
  
  128
   32
   16
    8
    2
    1
 ______
  187
 
 
 196.168.125.13

 
 
 
