 conversion binario a decimal
 
 
 7     6     5    4    3    2    1    0
2     2     2    2    2    2    2    2

128   64    32   16   8    4    2    1 

            1    0    1    1    0    1

            32    +    8  +  4   +   1

101101 = 45



 7     6     5    4    3    2    1    0
2     2     2    2    2    2    2    2

128   64    32   16   8    4    2    1 
 0     1     0    0   1    1    1    1

  78             14           6         2
- 64             -8          -4        -2
----------     ---------   -------   -------
  14              6           2         0
  
  decimal a binario
  
  78 = 01001110
  
  
  
  
  
  
  
  
  


